1000 
0.2960174297 0.5129137724
0.7923639172 0.5868321921
0.4353923232 0.3044687993
0.0175224948 0.9268821804
0.1351164000 0.3454049945
0.5633693011 0.3128986300
0.9308592421 0.1084807836
0.1930896088 0.8623649450
0.3980458912 0.9424423777
0.5894224575 0.5749931880
0.7572960713 0.7550341319
0.2647954538 0.0295250286
0.5365278092 0.7068130810
0.2645895323 0.7717721428
0.3859475700 0.3471947211
0.4164937847 0.0328422954
0.8384376468 0.2345084294
0.4658247548 0.5424747229
0.5353911413 0.9734427863
0.5548484889 0.1096338558
0.1968332801 0.7761125105
0.1535574446 0.3309881237
0.4047075085 0.1070801641
0.7300193774 0.2576262463
0.0894937200 0.7080174416
0.1603280053 0.1013406649
0.4628643906 0.3142925936
0.1213504620 0.0940337462
0.0228746701 0.6736215264
0.4838799802 0.4272794481
0.1732201909 0.0560227811
0.0294667303 0.7937994077
0.9443866676 0.3046665392
0.6511133597 0.4285888766
0.2820533303 0.6188110723
0.5661860918 0.7046549900
0.3769022200 0.6828704687
0.9693064630 0.2768058237
0.5500237268 0.4597592987
0.9836523664 0.4866557279
0.2793982717 0.9520119214
0.7310117672 0.2429884270
0.0554728050 0.5007747376
0.8340957727 0.8738468334
0.8876401381 0.7406224197
0.6890325388 0.5101940204
0.4484679187 0.1572498040
0.4016270624 0.4057172642
0.0388132035 0.3054428623
0.3678861246 0.2233229816
0.7844978313 0.1363343478
0.0974717059 0.7260974888
0.7340085749 0.5558003599
0.0281604070 0.4989844589
0.8167252473 0.2899562411
0.7600500756 0.2971573233
0.9424691112 0.3690617944
0.3501695113 0.3680404064
0.8757027226 0.0577468088
0.0513103358 0.6261601910
0.9015017756 0.8573202634
0.1533152033 0.8734839734
0.7154581893 0.2850273460
0.3907197402 0.3526298138
0.4159629632 0.4954706618
0.7175598928 0.7963087282
0.9548564468 0.4510129252
0.1183210248 0.7935858856
0.9112225479 0.2708307180
0.5234178535 0.7320248300
0.9931426242 0.5923896403
0.8282600505 0.7945048195
0.2435135476 0.2644636097
0.4768707911 0.4904782941
0.5285742252 0.4574217208
0.0641907946 0.9836617698
0.5215728918 0.3243586039
0.9356138541 0.0416300071
0.0590475755 0.6757447303
0.8179639575 0.7775103992
0.4434802857 0.7406257942
0.1030384978 0.4799501385
0.9936253949 0.9790008439
0.5230056788 0.7347563319
0.9026009022 0.0828611784
0.6063585540 0.7300848067
0.2538712330 0.7574729322
0.4837923392 0.1067808009
0.8665383070 0.6098385588
0.3252853445 0.9664506980
0.4938975416 0.4878731996
0.9328279180 0.6820706150
0.7830040105 0.9116841889
0.7876586461 0.9694144891
0.3180331610 0.8174430245
0.1565297730 0.2723107245
0.0165096733 0.6946907603
0.6984392614 0.8907126891
0.1250168514 0.3395199344
0.3814297514 0.4377956368
0.0697883649 0.8689265410
0.4184698179 0.1507685066
0.4576228029 0.3457283262
0.3620961322 0.2998159086
0.5938510145 0.3487964614
0.4594097215 0.4405622148
0.9866246885 0.0899496783
0.8621832447 0.5376760934
0.4405844915 0.2267109204
0.3112507746 0.0507105828
0.5080042158 0.3492290811
0.4700146849 0.9180000496
0.2617972829 0.2300187738
0.1688196452 0.0004123025
0.5823105405 0.3167738558
0.4401064318 0.9539803835
0.4086192866 0.6213608511
0.3736733179 0.6889153294
0.6950770123 0.1122008999
0.5020363013 0.5422277762
0.1351618147 0.9525999476
0.6377938696 0.0421624464
0.0672010113 0.4441885227
0.8280656861 0.6748767816
0.3603441109 0.3324839450
0.3654889167 0.3772711273
0.4941936669 0.2106896715
0.6009200592 0.5746041354
0.4917926154 0.1181978200
0.6399036968 0.4575045223
0.8432052851 0.0718621825
0.8731344199 0.8502159618
0.0657192459 0.1909613802
0.6905514068 0.4603889791
0.0867329690 0.2808726230
0.6593699422 0.5204600887
0.2066848913 0.2258283915
0.9082676941 0.8316350496
0.0019166836 0.3077300383
0.4531079697 0.0037196561
0.1611545405 0.6158437185
0.7239958707 0.2475179227
0.9143297816 0.0413055640
0.6091278764 0.4212443861
0.4087499402 0.9607147165
0.9178087827 0.1583734825
0.1151705600 0.6046944344
0.2831746606 0.8115756625
0.1051064494 0.2801528187
0.1745738846 0.6358665063
0.8307609320 0.0690765044
0.8702229803 0.1038216890
0.8602400794 0.3620420262
0.9526675768 0.4966869087
0.8732583746 0.6012315092
0.1327433091 0.9474390481
0.1063310396 0.9055901334
0.9821450196 0.9253306164
0.3514876008 0.8298654561
0.4603771224 0.7461768613
0.5588300217 0.3696191646
0.9587719528 0.0686210002
0.0707980792 0.4659041859
0.9524267711 0.4938396717
0.5247935066 0.6861512347
0.2503244424 0.3246274565
0.5008536801 0.4619105337
0.2645666617 0.2595256147
0.0623543635 0.2494460938
0.6815629283 0.2986370738
0.4402607113 0.2457813016
0.4111818992 0.4199958116
0.2452338528 0.8406465016
0.7142869633 0.6488358626
0.7569405848 0.8138801945
0.9647405123 0.9868313513
0.0362015064 0.3981878473
0.5888766513 0.2943556273
0.8331532975 0.7187630883
0.3436056787 0.6260342181
0.5233888077 0.7941281694
0.2437272289 0.7083428604
0.5940781968 0.2366518660
0.1296942556 0.2177282121
0.5233635118 0.0265547146
0.0789828341 0.2687058661
0.2488579231 0.2498128814
0.6073875493 0.0536162857
0.8048699542 0.4882235853
0.8809761087 0.8891963650
0.1230121287 0.6289967146
0.9651008896 0.0198504712
0.4371425825 0.2215884730
0.4737792373 0.4034817354
0.2111270795 0.1510949718
0.8509181443 0.3629705751
0.0166981872 0.3203747076
0.9142734797 0.4248643155
0.3287272246 0.2371707704
0.2236974331 0.8865681059
0.7765135369 0.8878551333
0.2971425692 0.6543039576
0.9922353422 0.0460188944
0.6910541558 0.6763314551
0.8314944223 0.2119837954
0.4861971153 0.8593999088
0.4059272011 0.7084121637
0.7756279571 0.7011286691
0.0641425831 0.0675437773
0.3384355241 0.9969885603
0.1847871486 0.7371898305
0.8010394084 0.8877841400
0.4043264577 0.3054655215
0.2372480170 0.2020131025
0.6921707790 0.8983447777
0.3389429332 0.5172053507
0.5070623977 0.1394717007
0.0011701173 0.6153214248
0.1211810102 0.0782652812
0.4085823278 0.0395159049
0.0822121916 0.7902051258
0.4845916421 0.2730484567
0.6986637919 0.9322879825
0.8702546830 0.6558513426
0.3800034447 0.3969957520
0.4368273226 0.5302392798
0.6407297492 0.3497180060
0.7040895875 0.2644735185
0.5862789768 0.3574229780
0.4359558420 0.7413691405
0.7387077695 0.0204727262
0.1155491721 0.6188604373
0.1313814665 0.5048299479
0.9638328128 0.1704167907
0.7044372157 0.6385052456
0.6590559420 0.7954270032
0.1665794356 0.7839452996
0.9386846816 0.3531472026
0.6538045733 0.5271639009
0.8211539954 0.3185338397
0.7119413175 0.3347694616
0.2716891072 0.3842600348
0.3574311030 0.7216441210
0.7546104171 0.5404395673
0.2295632182 0.1448811455
0.2639487014 0.8520601258
0.1374175063 0.7936888120
0.1048626778 0.1238533628
0.6260570454 0.6803206059
0.9102638518 0.3933061158
0.5390520793 0.9536933766
0.1202186713 0.7247438643
0.9382052808 0.1552057551
0.4261113288 0.0908936155
0.1563884154 0.2153720571
0.4872152104 0.2230606122
0.2056881509 0.3502373536
0.5642344620 0.1870290751
0.2405990931 0.6581412547
0.5825416851 0.0990244255
0.2847902863 0.1402498784
0.5372516126 0.8345506137
0.9700112841 0.0723765976
0.0829347525 0.8026427337
0.6069921244 0.1409637914
0.6126888675 0.8590520624
0.5107310682 0.5226997143
0.1244506063 0.2141064485
0.1363532564 0.1350957555
0.6968432117 0.7544665605
0.2467619350 0.6144510457
0.4525207189 0.5427241794
0.0295932367 0.1879831569
0.4738826800 0.3847657429
0.8085246838 0.4985049142
0.2541978931 0.2620506545
0.7527765397 0.6128788916
0.9165894975 0.1144309860
0.7786840005 0.8995832188
0.6139980034 0.9288648134
0.6585076806 0.1960728990
0.2351524783 0.3403529189
0.2041886036 0.7032238042
0.7847447325 0.9836546219
0.2775429418 0.3419964863
0.5804151195 0.6478152454
0.2934311226 0.8865599545
0.7148225120 0.8802642595
0.8287247423 0.0484660216
0.0679853809 0.0632195219
0.9274336561 0.8280671425
0.5232447122 0.1423602023
0.7011451427 0.8722218221
0.9396136405 0.1262066146
0.8639655835 0.2814332669
0.8639429082 0.1943725140
0.9124444590 0.2949187804
0.9282449005 0.7538316861
0.7634996424 0.5487086964
0.3706836187 0.0645672497
0.7971514534 0.1497250383
0.1431515445 0.1194484390
0.4159128393 0.6378924801
0.6240186813 0.3079067705
0.4289713210 0.0186845282
0.0415529976 0.0189592068
0.7968380205 0.4401106015
0.3316756518 0.7463535956
0.5309276221 0.7610002219
0.3031283745 0.4470868664
0.8325726916 0.2115429726
0.6637943389 0.8742745401
0.8772644291 0.5823938230
0.6738284293 0.3563251686
0.0024511731 0.8952551267
0.9344158266 0.0266012183
0.4410150844 0.3056985273
0.0953932281 0.8212234101
0.1575864071 0.0680909123
0.0706300561 0.6574029684
0.7911436677 0.7528408053
0.6869813575 0.0806618704
0.1848876409 0.5477825839
0.5607885523 0.3265288221
0.4931653814 0.3983677611
0.3953175017 0.1807741701
0.3952602380 0.9454342750
0.8231882390 0.2419744478
0.5171523633 0.7046758971
0.3797641036 0.1911729794
0.7648938198 0.6985354932
0.1866325922 0.4556304762
0.9070308141 0.7990980995
0.4487237551 0.2171350189
0.4085451572 0.3696602865
0.9242767257 0.0600684563
0.2150760173 0.4030045614
0.1137782959 0.6804019518
0.9137217883 0.2460090879
0.0321621718 0.9840206044
0.4555113392 0.1730741532
0.0779710169 0.5912531324
0.4146728753 0.5249488341
0.6938479902 0.2342096622
0.5811174057 0.8648925322
0.2246381647 0.7845066532
0.5350934047 0.6207079403
0.6225443622 0.6811851830
0.7367578361 0.9790331038
0.4231961073 0.3421048129
0.5784480132 0.3773823765
0.7221546551 0.7368222702
0.7937278122 0.7997771205
0.7182901545 0.6749403196
0.5948207131 0.2234089117
0.7586327320 0.5211392750
0.9188314513 0.9866293072
0.7187115355 0.9865794938
0.2031966608 0.5526620175
0.9830612168 0.3660905734
0.1820946435 0.1287849163
0.2524886988 0.0915386739
0.2980825153 0.8673304028
0.8978572740 0.7539906832
0.4570192538 0.9227049994
0.6045592203 0.8107700511
0.0193710765 0.4677297794
0.6075121544 0.0382259104
0.1172851634 0.8829555807
0.9034283729 0.4170133530
0.6143572062 0.7242077202
0.4452704963 0.5439099537
0.2838062519 0.7464673338
0.4732209051 0.8526693262
0.0708105931 0.2162971741
0.8171561155 0.8961396060
0.6260466378 0.9803720049
0.2175321332 0.6928515501
0.6500119997 0.2742747570
0.4547498779 0.6735066182
0.9715034817 0.0535715810
0.3514844999 0.0762728218
0.6986590679 0.7082800196
0.5181265318 0.7345224349
0.2272625104 0.3821967378
0.0483960246 0.0766219675
0.3685481488 0.7601520131
0.2403563833 0.8146115932
0.3675324876 0.1091106605
0.8174668201 0.2370879217
0.1229381366 0.5631395086
0.0549782068 0.2413302184
0.4910650330 0.1276145277
0.6788898855 0.2406868950
0.1585026606 0.6446407375
0.3978495212 0.8654659815
0.2023659336 0.0095108939
0.4527925056 0.9390490155
0.1217770701 0.2571295079
0.6247805859 0.5556755574
0.8206040756 0.7476812513
0.7284144603 0.2123207187
0.7490060958 0.5724233485
0.7363583883 0.8543159706
0.1701245917 0.4733340158
0.3299292765 0.3828390874
0.3082987795 0.0244501991
0.8513667768 0.6421260396
0.9564721091 0.5580790755
0.3453147933 0.1552344651
0.9729966982 0.3356701263
0.6202090625 0.9094141491
0.9818305060 0.7609854064
0.0346793551 0.3056174791
0.5051619459 0.0123077569
0.0197392507 0.9814085848
0.7037855454 0.3307777247
0.1844497618 0.5925068206
0.8780908033 0.3435522132
0.2209082788 0.7954268601
0.8913163404 0.2233285962
0.7238272239 0.6121539667
0.7167596560 0.1898805026
0.4706314728 0.0775199351
0.3819222800 0.8446022037
0.6699178456 0.5709212019
0.6851093372 0.0956607216
0.1792833224 0.5162480021
0.1937911844 0.9792060224
0.7179434455 0.1973690116
0.1990739994 0.5111912433
0.6552260656 0.2812436118
0.4969155180 0.8147066407
0.0429393487 0.2667092413
0.0942608196 0.1593322545
0.1777781281 0.4842189716
0.1970623344 0.2218660281
0.1293450872 0.4602802969
0.1271870966 0.8318857602
0.3500289008 0.4300729874
0.1365037428 0.7009544370
0.6948946045 0.5327003829
0.4389803669 0.1508804890
0.9229057166 0.7557549191
0.1654135782 0.6542961419
0.0252119243 0.0093554812
0.3604484167 0.0799176900
0.5318997834 0.8045405555
0.5878371172 0.8952045675
0.2855185882 0.8868778040
0.1874250648 0.2207342619
0.0378568384 0.8333771611
0.7361395882 0.5534625121
0.6258593368 0.0592713128
0.8052981233 0.1801395108
0.4132391244 0.9009536292
0.6778399826 0.7875043211
0.1462518250 0.4423405668
0.2916256706 0.5424815833
0.3652647884 0.5341519214
0.3087365351 0.9634557401
0.0381671946 0.0190788278
0.8757469638 0.2327999513
0.1373309671 0.5205361184
0.3362296412 0.2111881022
0.4687473047 0.2786720961
0.8842943398 0.3058202278
0.1801267128 0.4245353319
0.9067490937 0.5175428229
0.0241650625 0.7717749372
0.5515120971 0.4459474889
0.6338423000 0.6749766757
0.8811914005 0.7668825686
0.7785340184 0.7547147216
0.8232888484 0.7134143429
0.8128807890 0.3216246286
0.0122736092 0.3891254361
0.3047736474 0.1452801735
0.5338094797 0.3217401682
0.1344784855 0.8083829950
0.5277099458 0.5254180542
0.1938363383 0.2627507115
0.5837329281 0.4816574408
0.1826400750 0.3608156377
0.8731174171 0.8716044008
0.8987025211 0.0748227662
0.9988022204 0.5966617451
0.8487951527 0.8356424206
0.6185567658 0.6096460739
0.9695500198 0.9240893261
0.9977927987 0.3453415125
0.7405822032 0.1298664408
0.7826146969 0.0871505048
0.9965040694 0.9567288767
0.4487054330 0.4356438393
0.3001661029 0.4971888273
0.0779341151 0.1551633665
0.8263741359 0.7260602424
0.3421101423 0.0662325241
0.3234957437 0.3693674506
0.8320982100 0.3243814188
0.8697837029 0.6936191627
0.1605471328 0.3800946663
0.8219076491 0.5301756764
0.5877748959 0.1499419170
0.5650995145 0.6004133124
0.2728911543 0.4455521112
0.4174823520 0.7396175160
0.6360276170 0.5049450122
0.3155662786 0.9310115755
0.7325855117 0.5498337909
0.7135590868 0.1560553588
0.9866990463 0.6528653217
0.4660532721 0.9431243197
0.1086519182 0.8403654913
0.3318156457 0.1539064675
0.5297737838 0.2790088223
0.1358188873 0.9853303389
0.2283824504 0.5989331192
0.5573194508 0.3845647877
0.3916261313 0.8911715055
0.9736996572 0.0756072638
0.9606199905 0.6838756776
0.7829559256 0.1782038413
0.7400595760 0.2496558350
0.1521296887 0.9633212794
0.4185331867 0.9254643438
0.1946406408 0.6341173382
0.5420439934 0.7368014996
0.1663970931 0.1473326870
0.2107923094 0.5096238671
0.3887214169 0.9972537900
0.0280566885 0.8261864478
0.2555432310 0.5728733530
0.6200523391 0.6351523883
0.8629765503 0.1686008132
0.8669339482 0.0616546304
0.5113115467 0.9798523649
0.8376492842 0.9795961897
0.5726155934 0.4470763218
0.3051388590 0.2063267292
0.9915518178 0.1252463900
0.6334161908 0.7589353060
0.9926886538 0.8505818299
0.7743520403 0.4717498876
0.4044861702 0.3522302784
0.0895251336 0.4162366313
0.3783108581 0.6138748742
0.7212912794 0.9873429810
0.1802432862 0.2287051842
0.2772611213 0.2244303264
0.1641077759 0.7109164722
0.6636665454 0.9202935110
0.9960669566 0.2278795771
0.0056345544 0.3383662133
0.6942884699 0.4993498741
0.7261762877 0.9060624016
0.0716049200 0.6735597708
0.0207382827 0.0813061026
0.7247521103 0.8347670206
0.1604517865 0.6996529345
0.8006849509 0.4228062551
0.2847554742 0.5010084361
0.3886346039 0.2524187817
0.6028552582 0.2078001425
0.5359836416 0.0086119152
0.2135247223 0.4805614048
0.5667014206 0.0640252300
0.0740382706 0.3122368439
0.5929946238 0.2152585661
0.0015683438 0.9391209339
0.8539927921 0.4673423736
0.9741668154 0.1441925405
0.7897025016 0.3090078941
0.4134905251 0.9077097608
0.5641276840 0.0161414480
0.5777188716 0.7202815936
0.0883683247 0.3967831057
0.6706512750 0.5152335280
0.4626726160 0.0482570925
0.7817612328 0.0999366384
0.1558333584 0.6354976065
0.3120223592 0.1698707222
0.1709817546 0.9193604300
0.1116114081 0.4745438398
0.9087471358 0.2646868708
0.1581318521 0.4709922377
0.4319144522 0.1401138598
0.2377911103 0.8484359256
0.3601258706 0.6850997842
0.7570031306 0.6367670024
0.6788363934 0.7643630087
0.5081774753 0.2218994142
0.3336480432 0.0559057048
0.9409948637 0.4826098980
0.5993107838 0.6260229847
0.2492582955 0.4363523236
0.8620926784 0.1331735313
0.3734480394 0.2356281812
0.6348856017 0.2723142972
0.8403974939 0.0918484140
0.3363271965 0.3222789415
0.2140464693 0.7202227361
0.6083834737 0.6910054763
0.8150170991 0.1970644656
0.7212508095 0.1668961275
0.2817968065 0.7000003705
0.9201000534 0.1793180001
0.4926019685 0.4619266219
0.4050995012 0.7472303167
0.3445345544 0.4111533451
0.0043174708 0.9521503779
0.8954336049 0.3930321751
0.4985194522 0.7101470862
0.4138621373 0.5724624160
0.9875389043 0.3372770190
0.9539590810 0.6020230825
0.6498144320 0.9038551528
0.1744253421 0.4070798545
0.7398506711 0.6551786236
0.2547015130 0.9870672406
0.6927739384 0.8397983864
0.9264344450 0.4612481508
0.7608178499 0.1311602408
0.8346184352 0.6976040833
0.6934881503 0.4544137214
0.6703362229 0.2551114248
0.5913200781 0.4374129316
0.7758139124 0.0425104324
0.2125558401 0.8934110045
0.2125429306 0.0507749756
0.6927333068 0.7126757403
0.6045111807 0.7518431440
0.8490917827 0.2912309390
0.4211249148 0.2727698936
0.9848641630 0.1571539964
0.7481915281 0.2523146373
0.3829394996 0.7683377535
0.0103726538 0.3660785948
0.4840429770 0.5503500600
0.5548062276 0.8666574981
0.0814960485 0.1190022549
0.4831347977 0.1268776850
0.7327815976 0.2894630762
0.6279671213 0.0970345635
0.9875547181 0.9122322591
0.1098382143 0.7911542440
0.9624026392 0.7960137861
0.4820228567 0.4026506735
0.2545721079 0.9785058286
0.0730965330 0.4163520810
0.1800459944 0.3883506095
0.7709261997 0.1317223093
0.8457657284 0.5049643024
0.1568132898 0.3412038639
0.6214591150 0.9676934399
0.5947995093 0.5179613714
0.1634485347 0.2117208982
0.6086859025 0.7589055915
0.2609772130 0.1153711831
0.6381038955 0.9017294580
0.4250063712 0.3319412836
0.0550167991 0.6887896914
0.3200995968 0.4489095453
0.1433188232 0.5860186225
0.8519248091 0.3683524686
0.5967379620 0.8816526853
0.9660686133 0.3346248572
0.9740381396 0.9874153045
0.9882715703 0.8488360388
0.4655550416 0.4438941256
0.6418570750 0.3043809833
0.2713889080 0.9922031382
0.7150407411 0.5537622507
0.8691173544 0.2156226665
0.7189708010 0.7741645287
0.4576791666 0.6777613700
0.7767650111 0.9377208970
0.9041201483 0.1878857564
0.4144722167 0.9121356257
0.5911809568 0.8094148936
0.8868023530 0.7183057259
0.6662449978 0.4941789847
0.1636314697 0.7538096961
0.3259550328 0.7728921372
0.7277031336 0.8546079399
0.9358449863 0.7613916689
0.8896112842 0.9120270929
0.9806229918 0.8525471290
0.4130640514 0.3880757009
0.0682808136 0.8553445270
0.8615915548 0.4793663972
0.4699937047 0.0155020593
0.2272752832 0.8683955028
0.9678138985 0.3060760149
0.0827404457 0.9706579242
0.1034498871 0.6118663450
0.7095668119 0.3370517933
0.2739629634 0.9480334041
0.3994376342 0.4032535034
0.5040011434 0.6511888041
0.3987602807 0.0912210124
0.1392301641 0.5603248592
0.7731563489 0.8627089168
0.1519098091 0.5652987611
0.8051328597 0.7006564523
0.2271032002 0.5421888962
0.4064105217 0.1515351270
0.3067957529 0.6176927719
0.4257989561 0.0002199915
0.8092393845 0.9088372046
0.6641727881 0.3686746701
0.3121265757 0.3696228868
0.8700164542 0.0307171196
0.0907383569 0.1428275509
0.9821702406 0.5173593559
0.5359990322 0.8630428637
0.4108232662 0.1506913696
0.1424091872 0.6861223209
0.2034637404 0.4890055055
0.4521185672 0.4305684815
0.5294109755 0.7918345521
0.0689384106 0.1079897384
0.0347171159 0.0208032052
0.6148825161 0.2926084182
0.2686413607 0.5806689466
0.2918652871 0.2339033120
0.5635627172 0.4746554731
0.5324737801 0.3518215823
0.4621122779 0.7991575978
0.0762703704 0.7705962697
0.0284692014 0.5351238963
0.6918709508 0.8450575340
0.1551791720 0.4068992817
0.6800836728 0.2124269289
0.2825181872 0.1740367941
0.2396810897 0.7629359510
0.7843382419 0.0975639994
0.7549187866 0.0642113527
0.6424957971 0.4794162778
0.0727017128 0.1972215307
0.9313779837 0.1122256299
0.8773391201 0.6656796186
0.0647053750 0.1963803889
0.3421177894 0.0261506330
0.7187046375 0.7822476070
0.3394623814 0.1527117602
0.8389075981 0.0776765601
0.6252404777 0.5978657051
0.1622485233 0.0243782753
0.5778099045 0.3405098501
0.2417943386 0.3915027523
0.2686934431 0.3221139501
0.0483571267 0.2607117815
0.8693067349 0.5638623066
0.8414025312 0.1842722808
0.6569531913 0.3303663759
0.1510810779 0.4861710599
0.1733388264 0.7596567062
0.3938740959 0.1459790039
0.4101498358 0.6145135018
0.8562597110 0.4561690139
0.2487736281 0.3267975204
0.5239683889 0.1758185384
0.7650341280 0.3042940445
0.5088119394 0.2171041464
0.4248503916 0.5486846619
0.6307332978 0.9957223296
0.6430174014 0.9936126297
0.0496391989 0.4523469143
0.6548462333 0.6134095819
0.7097413574 0.4094604428
0.1591904590 0.2759030085
0.7585462026 0.3663730797
0.7314243620 0.5168246747
0.0332969199 0.0549694794
0.5762277035 0.8986929652
0.1695861488 0.0797002820
0.7925707830 0.3836425459
0.8800209263 0.7475618634
0.9570828184 0.1975270167
0.4752365785 0.7572840527
0.4970254187 0.9917214303
0.7552192486 0.7616726718
0.0203821698 0.7194033949
0.9858118017 0.9430295909
0.4981144133 0.5346926947
0.7934410346 0.6488003646
0.9524222757 0.1958813311
0.4605187237 0.8230754425
0.0948892097 0.9080870205
0.2846332130 0.4392976430
0.1796773121 0.2760151250
0.3765615931 0.3905055403
0.1894793373 0.0541153109
0.5152974636 0.3256684832
0.3557234843 0.6792709663
0.4527026764 0.7341455786
0.9295645685 0.1502606719
0.3660558620 0.1750280290
0.0664858123 0.6785830739
0.9936845514 0.9241001256
0.6648731479 0.6768375953
0.3570314973 0.4683811183
0.0077141468 0.0737051560
0.8719205094 0.2166867977
0.0966120004 0.6486748320
0.0824501880 0.5143759810
0.6385942728 0.0650135421
0.2128592449 0.5514236105
0.7487354210 0.5460778556
0.2258697986 0.0351893094
0.5654006566 0.6879181903
0.1004302679 0.5627257453
0.1399583524 0.7302275147
0.5974430497 0.4721989205
0.1590968627 0.7180379875
0.8689758541 0.5789681090
0.2854205824 0.3781708998
0.8846205091 0.6091002149
0.1607899973 0.2072963019
0.7980763039 0.3315698588
0.4069079751 0.2225607949
0.0576995176 0.3601227817
0.2789454346 0.0610932707
0.2766744351 0.3467571126
0.9805371195 0.6312998193
0.6216257581 0.8210033001
0.0322679816 0.3167109980
0.7529056128 0.2426601730
0.5008097409 0.8122457118
0.1554533776 0.9303711689
0.3421558502 0.0331079323
0.0360396057 0.4044014491
0.5899427440 0.1781338426
0.8308701713 0.3392028155
0.6286336284 0.9522585593
0.7669405354 0.7598303662
0.3313806729 0.1568732607
0.8511938477 0.3360011504
0.4136704635 0.3421948952
0.1234512145 0.6285614701
0.9563962121 0.9823725648
0.0022458491 0.9253564997
0.6857898207 0.6819057763
0.0771077907 0.8669720388
0.2626856533 0.2510517496
0.7565087078 0.4075449533
0.5298769472 0.0982503022
0.7675915818 0.7818154005
0.3938650210 0.2791963807
0.6219734936 0.0568206170
0.7760903098 0.7150418834
0.8113236365 0.5351062333
0.8587734003 0.5463103189
0.6770834028 0.7460581007
0.6717833656 0.3244586462
0.6106087828 0.0129340378
0.9194896449 0.7596231597
0.4831797507 0.6154011143
0.8303427922 0.0409369827
0.9797352992 0.3808612164
0.7269687036 0.3249088103
0.8158567239 0.1325738364
0.9608494571 0.8477041536
0.6544361748 0.7985616568
0.8332037946 0.2587712437
0.9066309553 0.1425110850
0.1324683918 0.1961063676
0.5011187268 0.0163565317
0.9588208527 0.8275538438
0.1363324770 0.7539635911
0.5774741333 0.0678884158
0.4922682650 0.8263031446
0.1450111132 0.4480285381
0.3716229130 0.1607345742
0.2868173339 0.1605813516
0.7644325361 0.5904932860
0.6687085337 0.6350210059
0.3860475210 0.7452039289
0.9021393810 0.1061542446
0.3251928218 0.3192174022
0.3499179999 0.0311280451
0.0570270988 0.0617964077
0.6581408317 0.8830862946
0.2255281935 0.0216506448
0.1301006651 0.8036835736
0.2801960769 0.5480496098
0.3792102171 0.8320158203
0.2639791185 0.3017170942
0.0505226758 0.9441294592
0.7924930716 0.0609385717
0.7842192826 0.9351218210
0.5390164797 0.4217886373
0.0094736120 0.2549472444
0.3454101680 0.5861128795
0.6033910318 0.2693950782
0.4160225993 0.3068744120
0.9272606461 0.0593072208
0.9198070527 0.7177025564
0.2611467230 0.7939543108
0.7252902023 0.2119572303
0.1978848771 0.9185911797
0.9236964498 0.7563491883
0.1288381338 0.8815642983
0.2574457225 0.0251333345
0.5563062103 0.8929446321
0.5644068837 0.5231181760
0.6012714133 0.2545116562
0.8727031637 0.4292115164
0.7402026031 0.1300153967
0.8365292157 0.2369488982
0.5009285337 0.2349950086
0.7903548825 0.3944280067
0.5751303996 0.8170342820
0.8170531183 0.0532984410
0.5637928746 0.4701853362
0.8749053011 0.7249333515
0.3619916855 0.7813942940
0.2090996593 0.1116355237
0.0106850201 0.5421131508
0.9852539568 0.6317074215
0.6957150504 0.2748847709
0.3256564496 0.1894408485
0.4580149973 0.1225385481
0.7033342162 0.5545590613
0.0940559807 0.7267364228
0.9547213709 0.3103699466
0.6718574290 0.5829603510
0.0086137237 0.7058662644
0.0654231717 0.5006336711
0.7972613151 0.9042348439
0.9192554516 0.2199207611
0.7148629078 0.0587135223
0.4946368267 0.9408506146
0.4193921210 0.3664610443
0.9206601897 0.5057616166
0.7355977990 0.7520821511
0.4755255675 0.2426666379
0.9101858377 0.1146755506
0.6574114231 0.0249885209
0.4946035651 0.1357504015
0.9692677028 0.9322182643
0.6865118927 0.4900826501
0.5381661999 0.0063992576
0.0479446087 0.9275589679
0.9173836492 0.9909429637
0.1363179447 0.1012836124
0.6781814422 0.6111324079
0.7338679667 0.2056987559
0.6882852621 0.9097719116
0.0417571564 0.4581964204
0.2953567380 0.3867929060
0.4170058357 0.2086765903
0.9862886517 0.2082271505
0.9735677474 0.9937316912
0.4769436723 0.5478102314
0.6432838059 0.1656157157
0.6019965929 0.2035800368
0.0981113339 0.8208814511
0.8208279129 0.9921859835
0.2719408724 0.6295467196
0.6329568748 0.0652269095
0.0884761888 0.8228766303
0.7052902472 0.2147866610
0.4010674584 0.0363456174
0.0535026581 0.4394381698
0.0810516243 0.9240696522
0.1911530472 0.5273382822
0.6530678076 0.4619751269
0.7626813601 0.1796373577
0.8689799519 0.6391983918
0.8102179631 0.2452788398
0.1364529146 0.8006852793
0.4891780534 0.9673661087
0.7738919889 0.2486876919
0.7439016430 0.7516248740
0.6503703582 0.8368299857
0.1821397552 0.8590914336
0.8873326058 0.1976448834
0.1459752581 0.5980085104
0.9482769892 0.9329553847
0.7668069888 0.0440115867
0.6232824382 0.5662051174
0.6133143395 0.0530411630
0.1271612626 0.3068165675
0.3938584206 0.3480166139
0.7731819832 0.7088833217
0.0585652633 0.7581601371
0.4587207718 0.1199785294
0.5613755433 0.2689600332
0.5048645089 0.4105886119
0.4886342006 0.4011143708
0.2289018861 0.8506581591
0.7383327533 0.5783977897
0.9968037807 0.1569575877
0.4429053797 0.5672455701
0.4022073236 0.6734629589
0.3685200834 0.7749506635
0.6490830713 0.3666626820
