500
0.7437817312 0.3805356153
0.3324829215 0.0513334847
0.8901733270 0.2260721065
0.1894992876 0.6463008803
0.2317546477 0.6161791872
0.1135220699 0.4825958720
0.0351498598 0.7005554925
0.3894342900 0.7398535777
0.7284392170 0.8215792642
0.5648361811 0.7451137640
0.1880894559 0.8711976605
0.7474703436 0.2981094902
0.8211121423 0.9304479084
0.1165912190 0.1584756193
0.1629395614 0.2961330742
0.2012880548 0.4639501856
0.5718590678 0.8360890325
0.8547468813 0.8261816313
0.7424488699 0.9826438210
0.0106638615 0.8595430501
0.1833088815 0.5732839554
0.2464984101 0.9383944901
0.5084829903 0.1782066901
0.8979816706 0.0495228489
0.3773196373 0.5163515436
0.9702718865 0.7090282697
0.1841197568 0.0546676742
0.3733755787 0.0467147380
0.1467724806 0.9097887794
0.0729287557 0.3260820231
0.2726806325 0.7269502322
0.5921604445 0.3643048579
0.7906295776 0.2978981798
0.9268361682 0.5441242685
0.0288544550 0.2977034981
0.3422061502 0.3683653418
0.3924126616 0.6698083020
0.7094594289 0.7978345992
0.0470696111 0.8692965118
0.0089119540 0.9346390708
0.1522579663 0.3862935139
0.3781324307 0.9655086231
0.0022711035 0.7145651864
0.6154373595 0.6634914060
0.2327044356 0.2047993460
0.3626626561 0.1614326352
0.3282585606 0.0477176785
0.2858453763 0.1569342806
0.0283706878 0.9690797468
0.4484270176 0.1860340730
0.8687416149 0.0868049258
0.7288146938 0.1116296207
0.0196777222 0.7798522669
0.5726145172 0.5127141350
0.7862686932 0.3491621345
0.5895770669 0.2317777848
0.6207730616 0.7128776485
0.5062721519 0.9402688148
0.2641857859 0.3712280137
0.7677358913 0.2157975502
0.6818129670 0.4008699750
0.6448103814 0.2898044693
0.7867810372 0.2941474302
0.0486224406 0.3207040741
0.5557586813 0.0456435947
0.3796242492 0.7750543295
0.0327718059 0.0065640941
0.6458460161 0.2580905004
0.8898432101 0.6769031447
0.7734864502 0.9250021853
0.6672901354 0.7860095509
0.5026940427 0.4256200809
0.5518646185 0.7240829135
0.5123686391 0.1877193765
0.5675229766 0.6302944594
0.4500386982 0.7279347258
0.3514623610 0.2176416489
0.3563473531 0.5943214327
0.2671637213 0.7203085711
0.5684059216 0.4908862798
0.4665327181 0.1862194025
0.5622504187 0.1119505482
0.6548305770 0.7056357400
0.3518635151 0.2229968494
0.7349396427 0.0660622412
0.0007004325 0.5646903440
0.2116089155 0.7543901497
0.5213841627 0.2280543326
0.2216772748 0.1891213045
0.9402116254 0.2513187539
0.3228730582 0.5586797943
0.5853398054 0.3227495334
0.7216403906 0.6662325527
0.7209958880 0.6388058087
0.4495443995 0.7371038400
0.4947837979 0.1632608972
0.1081589038 0.2317832000
0.7911347355 0.7604621000
0.1939415330 0.3256898524
0.9911765949 0.9346934069
0.6874530047 0.8662712759
0.8277732660 0.1976444549
0.5453791102 0.2986771799
0.4942118912 0.4072776245
0.9691646744 0.2631644782
0.9159921834 0.7739249966
0.8406714167 0.3105528897
0.6273988060 0.6132352446
0.5131223027 0.4564646349
0.0080143910 0.3406298310
0.2246969708 0.1007462546
0.7290568662 0.6482174681
0.7624944224 0.1753838881
0.1354023267 0.2826535877
0.6461804210 0.2523882844
0.9463797573 0.3512223429
0.0234888621 0.7425390712
0.0969022240 0.6234560477
0.6738479787 0.2465424424
0.7602241282 0.8668972858
0.0017534895 0.5820702964
0.5945916404 0.8581472870
0.6681126712 0.0033127346
0.0382798579 0.3441332812
0.5556349416 0.6540902017
0.0409863422 0.8935673076
0.0934455540 0.3512355134
0.9642778393 0.2748566056
0.5764514931 0.3818698823
0.5097631026 0.7242666230
0.0065892201 0.1163613249
0.4408916068 0.2269247911
0.1559363323 0.8881680369
0.5527542709 0.7232939999
0.0057700054 0.7724327768
0.8139890926 0.9750326378
0.4510075068 0.6071093308
0.8558708110 0.6766974585
0.1760646994 0.8435650169
0.0158907722 0.2835348919
0.9060207579 0.5880183961
0.9566094369 0.9406449945
0.8160785103 0.5008347160
0.4752902686 0.8450916016
0.7426614663 0.0576155671
0.4958009384 0.3500712351
0.9810902205 0.0441841993
0.3914939199 0.1290424315
0.8776322206 0.0569807181
0.7262550481 0.7577560250
0.1278209754 0.2110466266
0.2206354929 0.1434163271
0.6782917319 0.2196914598
0.2509588753 0.3327416523
0.3959826652 0.5030986778
0.4715220922 0.3644826252
0.2164019098 0.0075418740
0.2134845507 0.9969944650
0.3117625283 0.9725468030
0.1587677087 0.3377499333
0.9301389813 0.9702479911
0.4132626813 0.6292175061
0.9484000168 0.1593536934
0.5108707770 0.7043190459
0.8545250720 0.8455464659
0.0683779822 0.9147202824
0.8290120104 0.1208106375
0.7808915670 0.6564960351
0.8304363630 0.5660924843
0.1985426636 0.9702518124
0.1068231116 0.7448624708
0.2573861452 0.0765718789
0.3523443093 0.4895632608
0.8509048573 0.1227033719
0.8079567282 0.7885912385
0.8232528418 0.8626748773
0.9649458607 0.4183733139
0.6413473102 0.4705871206
0.1719435942 0.3332647208
0.6601475049 0.1956021224
0.3688391517 0.2254078732
0.3339332632 0.1071968874
0.3751036667 0.5973561703
0.9461240515 0.7505360273
0.6454009185 0.1521805982
0.4311554975 0.1343572155
0.1719580406 0.2989415681
0.6441560981 0.1075525292
0.2610217012 0.0958217755
0.9976449352 0.8456671752
0.2398266351 0.0088804727
0.7291963512 0.8648270392
0.7608553064 0.4513034196
0.1899948307 0.7081449199
0.2617684333 0.1861867906
0.4514298905 0.2084443297
0.3122386530 0.3253074234
0.2153570200 0.0211795440
0.0330199775 0.8369959071
0.4833774525 0.9427186622
0.5079382774 0.1881430266
0.6914663473 0.3816961677
0.1260889089 0.9885340673
0.0485050172 0.2349304884
0.0893796571 0.2801197841
0.6307496990 0.3344406799
0.8996583059 0.4194965421
0.3789961721 0.5783859455
0.5000159046 0.3387824899
0.5211754723 0.8362904589
0.8864585595 0.3382407164
0.1003431013 0.7277051434
0.4289916702 0.4634140083
0.2265003058 0.4134970473
0.8452625446 0.9502004162
0.3904128734 0.6102459775
0.7552587544 0.1832125335
0.6785689942 0.1407674076
0.0121607752 0.1059275609
0.0106449761 0.4675692216
0.5522997811 0.0455493717
0.5843236026 0.8210896073
0.3362723548 0.4711676442
0.5570364330 0.7308515503
0.0636157104 0.2907135362
0.6201786951 0.9952095821
0.7350485507 0.9103750465
0.5285707869 0.3841524168
0.8091342057 0.4295494943
0.8364182365 0.6596648641
0.6543245727 0.0250746463
0.0607472487 0.8194412807
0.2326941782 0.7903940225
0.2442708671 0.8222817360
0.4682762881 0.0384757099
0.4218660632 0.4372913122
0.5507635918 0.3517188287
0.8083196086 0.2740420806
0.5044380721 0.4677446854
0.6197266091 0.4971458647
0.7125463207 0.4268849945
0.3169022898 0.2062260036
0.7289376686 0.2753427211
0.7163942457 0.9710638964
0.6316343888 0.0174153225
0.8531588940 0.5517367171
0.3771048641 0.4408345882
0.6986923129 0.4048506689
0.0993618544 0.9011910672
0.8393823313 0.1795136349
0.0646098114 0.1445748504
0.0020754374 0.0404800901
0.0400167358 0.7719793495
0.8773283092 0.3209402632
0.1642873980 0.0046778330
0.0355404859 0.7037145007
0.0180668458 0.9966972503
0.8571413774 0.8571528154
0.4838038594 0.0586775543
0.3052313254 0.2108287995
0.1575563706 0.8068189934
0.0575526062 0.3461561135
0.5293220696 0.4312837620
0.9843936927 0.2983446410
0.8838288153 0.9903325193
0.2100055927 0.9186527557
0.8903214641 0.8796404556
0.0273364471 0.3296810706
0.1477329665 0.4006514816
0.7493669473 0.4214919115
0.5307290938 0.6574931159
0.1750553055 0.2826281741
0.0424681245 0.8488892262
0.7238775913 0.4376440902
0.0215178919 0.3896708689
0.4501755964 0.7715494416
0.9732245207 0.1959007780
0.0870008282 0.0616079519
0.9999285559 0.8982898266
0.9888700034 0.1082195508
0.7897756562 0.7104990313
0.3438238441 0.5591554861
0.3904711186 0.1720838093
0.3074076342 0.6552036798
0.5421782454 0.0102517124
0.7746684711 0.2903219315
0.1728627225 0.9202689391
0.3509907675 0.9756843599
0.7697366438 0.1512649287
0.7085679346 0.5245464716
0.7320573512 0.4023480162
0.9225353798 0.5336426873
0.4833874343 0.6833600463
0.5692652954 0.0268699980
0.0755245603 0.4752610739
0.3390518283 0.9482993761
0.2516608075 0.7370496278
0.6663903122 0.5440965498
0.4529325977 0.0492884758
0.4132818606 0.0567226857
0.0503747886 0.4587190451
0.9544706811 0.5698239233
0.1633926939 0.3941126765
0.1082481526 0.2885088177
0.7862187009 0.3604200588
0.2324340895 0.0172506201
0.5854207245 0.9864449434
0.4623728085 0.1064415851
0.6543819269 0.4006821057
0.5062570761 0.6786646039
0.7147722737 0.8406230757
0.6328208827 0.5170370293
0.7403844229 0.8627482648
0.4874173064 0.6005205366
0.7453075908 0.5135869207
0.1547253042 0.9048797818
0.5262651008 0.3466416376
0.4498051885 0.7530117758
0.4780424462 0.2256372533
0.7639493311 0.6946571058
0.2112844059 0.4414684764
0.9177512823 0.6230429601
0.5935414767 0.7883847653
0.3810428778 0.5947969305
0.0072972430 0.8943644763
0.9078256127 0.6095100568
0.0728098388 0.2812952303
0.1040489711 0.4266161050
0.8189525998 0.3424904090
0.6970652875 0.3497934947
0.3018398279 0.6682370478
0.3078165784 0.7928852350
0.9688761181 0.9244831920
0.3402865098 0.3563711586
0.6449683939 0.7954375965
0.1974758791 0.0897162178
0.8779917913 0.3377688777
0.4091374356 0.5924570588
0.5222020991 0.4622543245
0.4137325439 0.6156787884
0.8611389839 0.1581437522
0.6755477819 0.8655723357
0.2756654409 0.5061672382
0.5376371728 0.7820523914
0.4481412896 0.4880295895
0.7122318955 0.1679544822
0.3603290637 0.0933987986
0.5924857352 0.6781193420
0.8904831761 0.2498096310
0.6329011813 0.3427111989
0.6441740132 0.6565673740
0.8905080498 0.4954060895
0.7637507918 0.6906512678
0.4448422351 0.7046253210
0.8529481774 0.1707807410
0.8219997815 0.5647781086
0.8259932640 0.9152218994
0.7365170032 0.4945166017
0.4446713879 0.7095757894
0.4345547480 0.0102953867
0.5421605106 0.5127039695
0.6728411143 0.2960670636
0.4490452439 0.4721106505
0.9000533778 0.2737340547
0.9347741443 0.5945157033
0.5207967427 0.7940159509
0.0569239309 0.7230154380
0.2170639419 0.0136811987
0.6709874515 0.8091436003
0.1780361547 0.5026304499
0.9950024480 0.3363080241
0.7463125857 0.1331082411
0.5461907056 0.1504929751
0.4271322465 0.3433586935
0.9708781639 0.8847810624
0.4268783598 0.9393299078
0.7743182362 0.6261628610
0.8881321877 0.2005710175
0.7236424368 0.4662662244
0.7707696857 0.6902545341
0.7450134314 0.1020514142
0.8920708583 0.8342959905
0.4651580027 0.7081823771
0.9835385376 0.0308321233
0.1578078213 0.8896982277
0.7480995607 0.7788570897
0.7471788434 0.6417735700
0.8085880968 0.0736064990
0.6934705433 0.8927696417
0.1268871035 0.1063167899
0.0394684418 0.3874432398
0.9428310177 0.1272776735
0.6326846745 0.3790933782
0.5329488515 0.1836337806
0.5540729477 0.8425908207
0.1213535643 0.3271806486
0.0822061430 0.6946486980
0.0885603532 0.8024399823
0.1009053049 0.8133571616
0.2187426551 0.6715870600
0.7186621287 0.4859186229
0.1019117149 0.3103433834
0.0097966308 0.2816847368
0.9647316539 0.2177357706
0.2101447008 0.2470097446
0.1421589074 0.6226629417
0.4041712639 0.7490991484
0.1218212184 0.4414988017
0.7257560896 0.2579469003
0.5940281972 0.2435019991
0.3615014816 0.8486180185
0.2225315288 0.0145886545
0.1932619595 0.2305479603
0.9146302673 0.6750662216
0.7456982503 0.6661936429
0.2139422031 0.5032134642
0.2150088171 0.2282857477
0.0651399153 0.8441324292
0.7465943604 0.4630954532
0.6071758532 0.7420860456
0.8022617829 0.6765428340
0.8399977069 0.4245745931
0.4116759727 0.7406388277
0.9794819701 0.8876934444
0.3381191039 0.5296657171
0.0662899265 0.1848532040
0.7052190113 0.8386662343
0.9265769952 0.4047327018
0.4291594499 0.9112245642
0.8959629735 0.7393742235
0.8799866618 0.5091871323
0.8128970656 0.4896195158
0.5559785889 0.7938848413
0.6635284776 0.3326239946
0.1966440115 0.1565827268
0.9174195791 0.6849759447
0.6827712053 0.5352967944
0.0319153934 0.5349862105
0.2760463092 0.6857820281
0.8227098370 0.6890032327
0.2361145263 0.3364095444
0.3991252819 0.9791472503
0.6195570227 0.1498152398
0.1448491275 0.6136462840
0.1131099284 0.9386155146
0.7883471498 0.5159962727
0.0825518209 0.6381509670
0.9519002598 0.1954557974
0.6290384966 0.1261317517
0.6941878533 0.4189259952
0.3362650675 0.0972232458
0.4685671141 0.7130543727
0.5646871936 0.8500243293
0.6076747576 0.5154407811
0.6031345896 0.0245547868
0.9147040608 0.6151130242
0.7235016174 0.0402821022
0.1926862045 0.3749779849
0.2008014346 0.2278827420
0.5753320607 0.1127440642
0.6587215665 0.4223459063
0.3364669046 0.9318489758
0.6799204596 0.0906930813
0.4498170075 0.2402167374
0.4806559641 0.9044996720
0.5468837076 0.1722060671
0.5909384756 0.0355698938
0.0778671633 0.1379019809
0.9042529801 0.3525296129
0.4190784894 0.7639414497
0.1649956026 0.1267660526
0.3900055676 0.5613522953
0.9471220446 0.8180576822
0.1441743021 0.7584247383
0.4441067916 0.0034009836
0.6801738750 0.8704231382
0.9381635695 0.5369555564
0.2826908611 0.7429848624
0.6457789656 0.5846925212
0.0481237210 0.0023422952
0.7469628849 0.2642456280
0.2753258817 0.0730430832
0.7972207889 0.2386284192
0.9092519713 0.1826328277
0.3941046614 0.7618947527
0.4137583611 0.0628029948
0.9243007637 0.3554841801
0.4195360518 0.3777967618
0.4525639458 0.5059076447
0.2441299690 0.2634038655
0.3304102368 0.5175932709
0.9132256926 0.7436648387
0.9003300584 0.9291255649
0.6258611259 0.2074438857
0.7503873218 0.7067760967
0.7009471270 0.5733193525
0.3344196953 0.7661370284
0.9184575972 0.2487788522
0.4146582532 0.2408338234
0.8258762944 0.4984958341